{"input_args": {"dimensions": 30, "walk_length": 20, "num_walks": 800, "permutations": 5, "p": 0.1, "q": 1.6, "weight_key": "weight", "workers": 1, "sampling_strategy": null, "verbosity": 2, "temp_folder": null, "seed": 2, "window": 3, "min_count": 0, "iter": 1, "save_walks": false, "word2vec_kws": {"seed": 2, "workers": 1, "size": 30, "compute_loss": true, "window": 3, "min_count": 0, "iter": 1}}, "X": [[0.0, 0.060584000000000006, 0.0, 0.0, 0.0016732, 0.46306, 0.26293, 0.015580000000000002, 0.015050999999999998, 0.0, 0.45798, 0.16777999999999998, 0.061256, 0.30429, 0.40032, 0.015798, 0.005993899999999999, 0.0, 0.84636, 0.0012965, 0.0, 0.0, 0.0, 0.0, 0.14059000000000002, 0.0, 0.019152000000000002, 0.36956999999999995, 0.0023314, 0.090305, 0.25447, 0.0, 0.0012798, 0.0014833000000000001, 0.0013147, 0.022477, 0.10957, 0.16087, 0.18324000000000001, 0.5466300000000001, 0.0, 0.0054831, 0.060286, 0.1442, 0.5776100000000001, 0.012077, 0.0030304999999999998, 0.0, 0.0, 0.0, 0.0, 0.0, 0.0, 0.0014800999999999998, 0.0017488, 0.00097197, 0.33187, 0.008723700000000001, 0.0, 0.007890000000000001, 0.0026550000000000002, 0.015872999999999998, 0.035663, 0.0, 0.0, 0.0, 0.01487, 0.021011000000000002, 0.072933, 0.0, 0.0, 0.0, 0.0, 0.0, 0.0, 0.0, 0.0, 0.0, 0.0, 0.0, 0.0015936, 0.031796, 0.0015493, 0.0, 0.011195, 0.02725, 0.043282, 0.19544, 0.0023120000000000003, 0.032757, 0.030269, 0.040537000000000004, 0.06543, 0.070342, 0.010553, 0.0, 0.0, 0.0041174, 0.0, 0.061397, 0.0, 0.0, 0.0, 0.0, 0.0, 0.0, 0.0, 0.0, 0.0, 0.0, 0.0, 0.0, 0.0, 0.0, 0.0, 0.0, 0.0, 0.0030191999999999997, 0.0, 0.0, 0.0, 0.0, 0.0, 0.0, 0.0, 0.0, 0.0, 0.0, 0.0, 0.0, 0.0, 0.0, 0.0, 0.0, 0.0, 0.0, 0.0, 0.0, 0.0, 0.0, 0.0, 0.0, 0.0, 0.0, 0.0, 0.0, 0.0, 0.0, 0.0, 0.0, 0.0, 0.0, 0.0, 0.0, 0.0, 0.0, 0.0, 0.0, 0.0, 0.0, 0.0, 0.0, 0.0, 0.0, 0.0, 0.0, 0.0, 0.0, 0.0, 0.0, 0.0, 0.0, 0.0, 0.0, 0.0, 0.0, 0.0, 0.0, 0.0, 0.0, 0.0, 0.0, 0.0, 0.0, 0.0, 0.0, 0.0, 0.0, 0.0, 0.0, 0.0, 0.0, 0.0, 0.0, 0.0, 0.0, 0.0, 0.0, 0.0, 0.0], [0.060584000000000006, 0.0, 0.3309, 0.10188, 0.019983, 0.066703, 0.12817, 0.056856, 0.32805, 0.0, 0.053132000000000006, 0.3498, 0.28234000000000004, 0.027089, 0.048337, 0.33281, 0.14876, 0.0036655999999999998, 0.12780999999999998, 0.035808, 0.01601, 0.0, 0.06919600000000001, 0.0, 0.01158, 0.0, 0.0, 0.0068233, 0.00087011, 0.026554, 0.23689000000000002, 0.0, 0.0, 0.0, 0.0, 0.0, 0.0058421, 0.009237100000000002, 0.17176, 0.15505, 0.0, 0.0, 0.0, 0.0, 0.0072201999999999995, 0.33804, 0.40943, 0.20027, 0.23376999999999998, 0.06801900000000001, 0.0066254999999999994, 0.0063803, 0.14861, 0.0, 0.0, 0.0, 0.0024446, 0.00093025, 0.0, 0.035336, 0.0, 0.008886100000000001, 0.034226, 0.0, 0.0, 0.0, 0.22321999999999997, 0.054893, 0.024194999999999998, 0.0, 0.0, 0.37592, 0.15113, 0.19263, 0.036675, 0.019048, 0.0, 0.0, 0.0, 0.0, 0.0, 0.045207, 0.015034, 0.0, 0.08043099999999999, 0.45466999999999996, 0.018054, 0.020496, 0.0, 0.0, 0.0, 0.0, 0.010466, 0.037063, 0.0, 0.0, 0.0, 0.0, 0.0015842, 0.031098, 0.0, 0.0, 0.0, 0.0, 0.0, 0.0, 0.0, 0.0, 0.0, 0.0, 0.0, 0.0, 0.0, 0.0, 0.0, 0.0, 0.0, 0.0, 0.0, 0.0, 0.0, 0.0, 0.0, 0.0, 0.0, 0.0, 0.0, 0.0, 0.0, 0.0, 0.0, 0.0, 0.0, 0.0, 0.0, 0.0, 0.0, 0.00092696, 0.0, 0.0, 0.0035451999999999997, 0.027206, 0.0, 0.0, 0.0, 0.0, 0.0, 0.0, 0.0, 0.0, 0.0, 0.0, 0.0, 0.0, 0.0, 0.0, 0.0, 0.0, 0.0, 0.0, 0.0, 0.0, 0.0, 0.0, 0.0, 0.0, 0.0, 0.0, 0.0, 0.0, 0.0034365000000000003, 0.0, 0.0, 0.0, 0.0, 0.0, 0.0, 0.0, 0.0, 0.0, 0.0, 0.0, 0.0, 0.0, 0.0, 0.0, 0.0, 0.0, 0.0, 0.0, 0.0, 0.0, 0.0, 0.0, 0.0, 0.0, 0.0, 0.0, 0.0, 0.0], [0.0, 0.3309, 0.0, 0.63457, 0.0, 0.0071178, 0.08062799999999999, 0.10405, 0.0, 0.0, 0.0, 0.008870900000000001, 0.0037569, 0.008560799999999999, 0.0, 0.0064595, 0.31799, 0.0, 0.0, 0.0, 0.0015475999999999999, 0.0, 0.009170200000000002, 0.0, 0.008325200000000001, 0.0, 0.0, 0.0, 0.0, 0.0, 0.0, 0.0, 0.0, 0.0, 0.0, 0.0, 0.0057602, 0.008674, 0.23696, 0.0, 0.0, 0.0, 0.0, 0.0, 0.0, 0.01111, 0.35686, 1.7703, 0.27321999999999996, 0.09877799999999999, 0.29941, 0.2726, 0.0, 0.0, 0.0, 0.0, 0.0, 0.0, 0.0, 0.087102, 0.0, 0.029205000000000002, 0.06665900000000001, 0.0, 0.0, 0.0, 0.026345999999999998, 0.0, 0.023856, 0.0, 0.0, 0.0067884, 0.0022578000000000003, 0.0, 0.0, 0.0, 0.0, 0.0, 0.0, 0.0, 0.0, 0.14301, 0.0019004000000000002, 0.0095409, 0.13046, 0.051122, 0.0, 0.0, 0.0, 0.0, 0.0, 0.0, 0.0, 0.0, 0.0, 0.0, 0.0, 0.0, 0.0, 0.0, 0.0, 0.0, 0.0, 0.0, 0.0, 0.0, 0.0, 0.0, 0.0, 0.0, 0.0, 0.0, 0.0, 0.0, 0.0, 0.0, 0.0, 0.0, 0.0, 0.0, 0.0, 0.0, 0.0, 0.0, 0.0, 0.0, 0.0, 0.0, 0.0, 0.0, 0.0, 0.0, 0.0, 0.0, 0.0, 0.0, 0.0, 0.0, 0.0, 0.0, 0.0058258, 0.0055885, 0.0, 0.0, 0.0, 0.0, 0.0, 0.0, 0.0, 0.0, 0.0, 0.0, 0.0, 0.0, 0.0, 0.0, 0.0, 0.0, 0.0019846, 0.0, 0.0017232, 0.0, 0.0, 0.0, 0.0, 0.0, 0.0, 0.0, 0.0, 0.0, 0.0028236, 0.0, 0.0, 0.0, 0.0, 0.0, 0.0, 0.0, 0.0, 0.0, 0.0, 0.0, 0.0, 0.0, 0.0, 0.0, 0.0, 0.0, 0.0, 0.0, 0.0, 0.0, 0.0, 0.0, 0.0, 0.0, 0.0, 0.0, 0.0, 0.0], [0.0, 0.10188, 0.63457, 0.0, 0.0, 0.0016683, 0.0057851000000000005, 0.019908000000000002, 0.0043273, 0.0, 0.0, 0.07901, 0.0044028, 0.0, 0.0, 0.0, 0.0, 0.0, 0.0, 0.0, 0.0, 0.0, 0.0, 0.0, 0.0013938, 0.0, 0.0, 0.0, 0.0, 0.0, 0.0, 0.0, 0.0, 0.0, 0.0, 0.0019007000000000002, 0.0, 0.0, 0.049006, 0.0, 0.0, 0.0, 0.0, 0.0, 0.0, 0.0043401, 0.017425, 0.34031, 0.31056, 0.2102, 0.025519, 0.004915, 0.0093839, 0.0, 0.0, 0.0, 0.0, 0.0, 0.0, 0.009073600000000001, 0.0, 0.0, 0.0073237, 0.0, 0.0, 0.0, 0.049876, 0.0, 0.0, 0.0, 0.0, 0.068948, 0.02646, 0.047403, 0.0, 0.004585499999999999, 0.0, 0.0, 0.0, 0.0, 0.0, 0.026119, 0.0, 0.0, 0.026151, 0.07143200000000001, 0.0, 0.0, 0.0, 0.0, 0.0, 0.0, 0.0, 0.0, 0.0, 0.0, 0.0, 0.0, 0.0, 0.0, 0.0, 0.0067777, 0.0, 0.0, 0.0, 0.0, 0.0, 0.0, 0.0, 0.010239, 0.0, 0.0, 0.0, 0.0, 0.0, 0.0, 0.0, 0.006510200000000001, 0.0, 0.0, 0.0, 0.0, 0.0, 0.0, 0.0, 0.0, 0.0, 0.0, 0.0, 0.0, 0.0, 0.0, 0.0, 0.0, 0.0, 0.0, 0.005734, 0.0053555, 0.0, 0.0, 0.05461900000000001, 0.10042000000000001, 0.0, 0.0, 0.0, 0.0, 0.0, 0.0, 0.0, 0.0, 0.0, 0.0069081, 0.0, 0.0, 0.0, 0.0, 0.0, 0.0, 0.025584, 0.0, 0.018175, 0.0, 0.0, 0.0, 0.0, 0.0, 0.0, 0.0, 0.0, 0.0, 0.0099272, 0.0, 0.0033321999999999996, 0.0, 0.018414, 0.0, 0.0, 0.0, 0.0, 0.0, 0.0, 0.0, 0.0, 0.0, 0.0, 0.0, 0.0, 0.0024031, 0.0, 0.0, 0.0, 0.0, 0.0, 0.0, 0.0, 0.0, 0.0, 0.0, 0.0, 0.0], [0.0016732, 0.019983, 0.0, 0.0, 0.0, 0.002536, 0.01026, 0.21184, 0.5936600000000001, 0.0, 0.0, 0.0015803, 0.15059, 0.0030502, 0.06271399999999999, 0.0019179000000000002, 0.24722, 0.0, 0.014209000000000001, 0.038248000000000004, 0.0, 0.0, 0.0, 0.0, 0.008474899999999999, 0.0, 0.0, 0.0, 0.0, 0.0, 0.0, 0.0025575, 0.0041949, 0.0016207, 0.015801, 0.0028891999999999998, 0.0, 0.0, 0.045007, 0.0044794, 0.0, 0.0, 0.0, 0.0, 0.0, 0.0, 0.031456, 0.017244, 0.0, 0.0, 0.016972, 0.08218500000000001, 0.7061, 0.0, 0.0, 0.0, 0.0, 0.0, 0.0, 0.0, 0.010153, 0.0, 0.35811, 0.030770999999999996, 0.0, 0.0, 0.0, 0.031566000000000004, 0.0035415999999999998, 0.0, 0.0, 0.0, 0.0, 0.054827, 0.0, 0.15335, 0.008600700000000001, 0.0, 0.0, 0.0, 0.0, 0.041358, 0.0, 0.0, 0.003058, 0.18915, 0.0, 0.0, 0.0, 0.0, 0.0, 0.0, 0.0, 0.0, 0.0, 0.0, 0.0, 0.0, 0.0, 0.0, 0.0, 0.0, 0.049048, 0.083315, 0.0030757, 0.0, 0.0, 0.0, 0.0, 0.0, 0.0, 0.055436, 0.0, 0.0, 0.062823, 0.028002999999999997, 0.0, 0.0, 0.0, 0.0, 0.036802999999999995, 0.0, 0.0, 0.0, 0.0, 0.0, 0.0, 0.0079009, 0.0, 0.0, 0.0, 0.0, 0.0, 0.0, 0.0, 0.0, 0.0, 0.0, 0.0, 0.0, 0.0, 0.0, 0.065626, 0.0, 0.0, 0.0, 0.0, 0.0, 0.0, 0.0, 0.0, 0.0, 0.08257300000000001, 0.0, 0.0, 0.0077245000000000005, 0.04709, 0.0, 0.0, 0.21773, 0.0, 0.0, 0.0, 0.0, 0.0, 0.0, 0.0, 0.008616200000000001, 0.06429, 0.0, 0.0, 0.0, 0.0, 0.0, 0.0, 0.0, 0.0, 0.0, 0.0, 0.0, 0.0, 0.031368, 0.0, 0.013841, 0.0, 0.0, 0.0, 0.0, 0.0, 0.0, 0.0, 0.0, 0.0, 0.0, 0.0, 0.0, 0.0, 0.0, 0.0, 0.0], [0.46306, 0.066703, 0.0071178, 0.0016683, 0.002536, 0.0, 0.20129, 0.087899, 0.20189000000000001, 0.0022228, 0.21883000000000002, 0.0021923000000000003, 0.13810999999999998, 0.2909, 0.28664, 0.0013303, 0.017034, 0.0, 0.052561000000000004, 0.06091900000000001, 0.005737, 0.0070691, 0.0045325, 0.0, 0.021309, 0.0, 0.0, 0.020783000000000003, 0.0008834, 0.065326, 0.015516, 0.097564, 0.19494, 0.050586, 0.023912, 0.0010019999999999999, 0.0035588, 0.057609, 0.24866, 0.019677, 0.0, 0.0010388, 0.020038, 0.0, 0.048172, 0.0, 0.011483, 0.01196, 0.0012692, 0.0032119999999999996, 0.0, 0.0038866, 0.0012368000000000001, 0.0, 0.0019879000000000003, 0.0, 0.030610000000000002, 0.0, 0.0, 0.0, 0.0080482, 0.0015036, 0.0, 0.01381, 0.012454999999999999, 0.0012138, 0.0, 0.38415, 0.004913, 0.0033969, 0.0, 0.0, 0.0, 0.0, 0.0, 0.010878, 0.0, 0.0, 0.0, 0.0, 0.0, 0.0, 0.014088999999999999, 0.0, 0.007423600000000001, 0.017006999999999998, 0.040518, 0.048962, 0.0, 0.0, 0.0, 0.0, 0.0, 0.0, 0.0, 0.0, 0.0, 0.0, 0.0, 0.0, 0.0, 0.0, 0.0, 0.008526100000000002, 0.0096, 0.0, 0.0, 0.0, 0.0, 0.0, 0.084173, 0.015005000000000001, 0.0, 0.017156, 0.084244, 0.0029881, 0.0, 0.0, 0.0, 0.0, 0.0022197, 0.0, 0.0011939, 0.0, 0.21261, 0.0, 0.0, 0.20825, 0.021872, 0.0, 0.0, 0.0, 0.0, 0.0, 0.0, 0.0, 0.0, 0.0, 0.0, 0.0, 0.0, 0.0, 0.0, 0.0018526, 0.0, 0.0, 0.0016690000000000001, 0.0, 0.0, 0.0, 0.0, 0.0, 0.0, 0.0, 0.0, 0.0044648000000000005, 0.0, 0.0, 0.0, 0.0, 0.0, 0.04936, 0.18353, 0.0, 0.0, 0.066639, 0.0, 0.0, 0.0, 0.0, 0.0, 0.0, 0.0, 0.0, 0.0, 0.0, 0.0, 0.0, 0.0, 0.0, 0.0, 0.0, 0.0, 0.0, 0.0, 0.0, 0.0, 0.0, 0.0, 0.0, 0.0, 0.0, 0.0, 0.0, 0.0, 0.0, 0.0, 0.0, 0.0, 0.0], [0.26293, 0.12817, 0.08062799999999999, 0.0057851000000000005, 0.01026, 0.20129, 0.0, 0.57018, 0.82271, 0.028263, 0.085882, 0.0088691, 0.6854899999999999, 0.11615999999999999, 0.059303999999999996, 0.019989, 0.12075999999999999, 0.0, 0.086385, 0.13856, 0.027630000000000002, 0.0049026, 0.024885, 0.0, 0.016987000000000002, 0.0, 0.0, 0.0034318000000000005, 0.0, 0.027567, 0.017935, 0.0, 0.10425999999999999, 0.12344000000000001, 0.40653, 0.0, 0.0041135, 0.082075, 0.23019, 0.051475, 0.0042848999999999995, 0.0036023, 0.022234999999999998, 0.0013582000000000002, 0.019367, 0.0013224, 0.041147, 0.043011, 0.014669999999999999, 0.005569, 0.0019437999999999999, 0.00599, 0.0, 0.0, 0.0, 0.0, 0.0086065, 0.0, 0.0, 0.0, 0.0, 0.0, 0.22909000000000002, 0.044986, 0.018323, 0.0028059, 0.0014472999999999999, 0.037961, 0.0028394, 0.0013088, 0.0, 0.0, 0.0, 0.0, 0.0, 0.011177, 0.0, 0.0, 0.0, 0.0, 0.0, 0.0, 0.0054286000000000004, 0.0, 0.012258, 0.022466, 0.021187, 0.028297000000000003, 0.0, 0.0, 0.0, 0.0, 0.005458600000000001, 0.0, 0.0, 0.0, 0.0, 0.0, 0.0, 0.0, 0.0, 0.0, 0.0, 0.027375999999999998, 0.001233, 0.0, 0.0, 0.0, 0.0, 0.0, 0.055800999999999996, 0.062873, 0.0, 0.0, 0.13095, 0.006907899999999999, 0.0, 0.0, 0.0, 0.0, 0.014112000000000001, 0.0, 0.0, 0.0, 0.0, 0.0, 0.0, 0.071489, 0.0063203, 0.0, 0.0, 0.0, 0.0, 0.0, 0.0, 0.0, 0.0, 0.0, 0.0, 0.0, 0.0, 0.0, 0.0, 0.0, 0.0, 0.0, 0.0, 0.0, 0.0, 0.0, 0.0, 0.0, 0.0, 0.0, 0.0, 0.0051608, 0.0, 0.0, 0.0, 0.0, 0.0, 0.0, 0.0047942, 0.0, 0.0, 0.011554, 0.0, 0.0, 0.0, 0.0, 0.0, 0.0, 0.0, 0.0, 0.0, 0.0, 0.0, 0.0, 0.0, 0.0, 0.0, 0.0, 0.0, 0.0, 0.0, 0.0, 0.0, 0.0, 0.0, 0.0, 0.0, 0.0, 0.0, 0.0, 0.0, 0.0, 0.0, 0.0, 0.0, 0.0], [0.015580000000000002, 0.056856, 0.10405, 0.019908000000000002, 0.21184, 0.087899, 0.57018, 0.0, 0.33008000000000004, 0.0, 0.0030364, 0.0098104, 0.10387, 0.017357, 0.07153999999999999, 0.0, 0.0033878999999999997, 0.0, 0.0049001999999999995, 0.021985, 0.0, 0.0, 0.0, 0.0, 0.0054802, 0.0, 0.0, 0.0, 0.0, 0.0015467, 0.0, 0.0, 0.0, 0.0, 0.36857, 0.0, 0.0017695, 0.0, 0.08992, 0.0, 0.0, 0.0, 0.0, 0.0, 0.0, 0.0, 0.017129, 0.029735, 0.056796000000000006, 0.0095824, 0.0, 0.0019325, 0.0, 0.0, 0.0, 0.0, 0.0, 0.0, 0.0, 0.0, 0.0030013, 0.0, 0.057592, 0.0018727, 0.013512, 0.27881999999999996, 0.0018677, 0.014844999999999999, 0.0018320999999999997, 0.0, 0.011287, 0.0, 0.014565, 0.0, 0.0058466, 0.010818000000000001, 0.0, 0.0032790999999999996, 0.0, 0.0, 0.0, 0.13008, 0.0, 0.010990999999999999, 0.16927, 0.096038, 0.0028780999999999998, 0.0, 0.0, 0.0, 0.0, 0.0, 0.0, 0.0, 0.0, 0.0, 0.0, 0.0, 0.0, 0.0, 0.0, 0.0, 0.017651, 0.016957, 0.0, 0.0, 0.0, 0.0, 0.0, 0.0, 0.0, 0.029376999999999997, 0.0, 0.0, 0.013000000000000001, 0.0022286, 0.0, 0.0, 0.0, 0.0, 0.009933299999999999, 0.0, 0.0, 0.0, 0.0, 0.0, 0.0, 0.0035034, 0.0, 0.0, 0.0, 0.0, 0.0, 0.0, 0.0, 0.0, 0.0, 0.0, 0.0, 0.0, 0.0, 0.0, 0.031038999999999997, 0.0, 0.0, 0.0, 0.0, 0.0, 0.0, 0.0, 0.0, 0.0, 0.042716000000000004, 0.0, 0.0, 0.0, 0.0054134, 0.0, 0.0, 0.08514, 0.0, 0.0, 0.0, 0.0, 0.0, 0.0, 0.0, 0.0066859, 0.0025583000000000003, 0.0, 0.0, 0.0, 0.0, 0.0036, 0.0, 0.0, 0.0, 0.0, 0.0, 0.0, 0.0, 0.0049929, 0.0, 0.0031822, 0.0, 0.0, 0.0, 0.0, 0.0, 0.0, 0.0, 0.0, 0.0, 0.0, 0.0, 0.0, 0.0, 0.0, 0.0, 0.0], [0.015050999999999998, 0.32805, 0.0, 0.0043273, 0.5936600000000001, 0.20189000000000001, 0.82271, 0.33008000000000004, 0.0, 0.0, 0.00132, 0.019902, 0.076761, 0.013719, 0.073771, 0.0, 0.022091999999999997, 0.0, 0.095858, 0.0012743000000000001, 0.0, 0.0, 0.0, 0.0, 0.0085765, 0.0, 0.0, 0.0, 0.0, 0.0, 0.0, 0.0, 0.0, 0.0, 0.20287, 0.0, 0.0, 0.0, 0.086556, 0.083274, 0.0, 0.0026945, 0.014553, 0.0, 0.0081487, 0.0014837, 0.010425, 0.06894, 0.0, 0.012497, 0.034894999999999995, 0.048726, 0.12511, 0.0, 0.0, 0.0, 0.0032188000000000004, 0.0, 0.0, 0.0, 0.0, 0.0, 0.18026, 0.0016282, 0.0, 0.6139100000000001, 0.0016238, 0.03743, 0.0, 0.0, 0.0098137, 0.0, 0.0036181999999999994, 0.021137, 0.0, 0.16616, 0.0, 0.0, 0.0, 0.0, 0.0, 0.023809999999999998, 0.0, 0.0, 0.011003, 0.053564999999999995, 0.0, 0.003175, 0.0, 0.0, 0.0, 0.0, 0.0015311, 0.0, 0.0, 0.0, 0.0, 0.0, 0.0, 0.0, 0.0, 0.0, 0.14770999999999998, 0.16709000000000002, 0.006916800000000001, 0.0032275999999999997, 0.0, 0.0, 0.0, 0.0, 0.0, 0.19217, 0.0, 0.0, 0.16451, 0.11238, 0.0, 0.0, 0.0, 0.0, 0.11370999999999999, 0.0, 0.0, 0.0, 0.0, 0.0, 0.0, 0.029444, 0.0, 0.0, 0.0, 0.0, 0.0, 0.0, 0.0, 0.0, 0.0, 0.0, 0.0020828, 0.0, 0.0, 0.0, 0.14168, 0.0, 0.0, 0.0, 0.0, 0.0, 0.0, 0.0, 0.0, 0.0, 0.21355, 0.0, 0.0, 0.019687, 0.072168, 0.0024086, 0.0, 0.32231, 0.0, 0.0, 0.0, 0.0, 0.0, 0.0014404, 0.0, 0.023252000000000002, 0.057830999999999994, 0.0, 0.0, 0.0014631, 0.0, 0.02504, 0.0, 0.0, 0.0, 0.0, 0.0, 0.0, 0.0, 0.073797, 0.0, 0.033201, 0.0, 0.0, 0.0, 0.0, 0.0, 0.0, 0.0, 0.0, 0.0, 0.0, 0.0, 0.0, 0.0, 0.0, 0.0, 0.0], [0.0, 0.0, 0.0, 0.0, 0.0, 0.0022228, 0.028263, 0.0, 0.0, 0.0, 0.0, 0.0, 0.0, 0.0, 0.0, 0.0033621000000000002, 0.0086103, 0.32921, 0.0, 0.0024833000000000004, 0.30449, 0.22154000000000001, 0.06014, 0.24341999999999997, 0.016714, 0.12671, 0.0, 0.0, 0.0, 0.0, 0.0, 0.0269, 0.0, 0.12217, 0.1108, 0.0025324, 0.0, 0.0, 0.032648, 0.0, 0.15928, 0.042008, 0.0, 0.0, 0.0, 0.0, 0.0, 0.0, 0.0, 0.0, 0.0, 0.0, 0.0, 0.048195, 0.12057999999999999, 0.0, 0.0, 0.0, 0.0, 0.0, 0.0, 0.0, 0.0032527000000000003, 0.041249, 0.21176999999999999, 0.13804, 0.0, 0.0, 0.0062085000000000005, 0.1345, 0.1224, 0.0, 0.0, 0.0, 0.0, 0.0030549, 0.0064616, 0.0, 0.0, 0.0, 0.0, 0.0, 0.0, 0.0, 0.0, 0.0, 0.0, 0.0, 0.0, 0.0, 0.0, 0.0, 0.0, 0.0, 0.0, 0.0, 0.006403699999999999, 0.0, 0.0, 0.0, 0.0, 0.0, 0.0, 0.0047886000000000005, 0.0, 0.0, 0.0, 0.0, 0.0, 0.0, 0.0, 0.0, 0.0, 0.0, 0.051392999999999994, 0.0, 0.0, 0.0, 0.0, 0.0, 0.0, 0.0, 0.0, 0.0, 0.0, 0.0, 0.0, 0.005935899999999999, 0.0, 0.0, 0.0, 0.0, 0.0, 0.0, 0.0, 0.0, 0.0, 0.0, 0.0, 0.0, 0.0, 0.0, 0.0, 0.0, 0.0, 0.0, 0.0, 0.0, 0.0, 0.0, 0.0, 0.0, 0.0, 0.0, 0.0, 0.0, 0.024459, 0.0, 0.0, 0.009016, 0.0, 0.0, 0.0, 0.0, 0.0, 0.0, 0.0, 0.0, 0.0, 0.0, 0.0, 0.0, 0.0, 0.0, 0.0, 0.0, 0.0, 0.0, 0.0, 0.0, 0.0, 0.0, 0.0, 0.0, 0.0, 0.0, 0.0, 0.0, 0.0, 0.0, 0.0, 0.0, 0.0, 0.0, 0.0, 0.0, 0.0, 0.0, 0.0, 0.0], [0.45798, 0.053132000000000006, 0.0, 0.0, 0.0, 0.21883000000000002, 0.085882, 0.0030364, 0.00132, 0.0, 0.0, 0.15095, 0.0053722, 0.22646999999999998, 0.27105, 0.0015394999999999999, 0.0026284000000000004, 0.0021534, 0.33169, 0.0011370999999999998, 0.0022129999999999997, 0.0, 0.0026226, 0.0, 0.11905, 0.0, 0.053749, 0.71923, 0.095075, 0.1176, 0.16802, 0.0, 0.0, 0.0, 0.0034590000000000003, 0.044063, 0.078249, 0.14884, 0.15945, 0.22411999999999999, 0.00572, 0.014426, 0.099249, 0.092467, 0.23874, 0.0, 0.0039866, 0.0, 0.0, 0.0, 0.0, 0.0, 0.0028625, 0.0012981, 0.0084353, 0.0, 0.15606, 0.007650799999999999, 0.0018667999999999998, 0.012454999999999999, 0.008149600000000002, 0.020881, 0.052128, 0.0, 0.0, 0.0, 0.024633000000000002, 0.0011517, 0.15067, 0.0, 0.0, 0.0, 0.0, 0.0, 0.0, 0.0, 0.0, 0.0, 0.0, 0.0, 0.008385700000000001, 0.029213, 0.013587, 0.0051161, 0.0012273, 0.0042174, 0.14848, 0.10907, 0.049676, 0.08733300000000001, 0.11584000000000001, 0.14684, 0.17488, 0.22499, 0.0061703, 0.0, 0.0, 0.010833, 0.009306299999999998, 0.25192, 0.0, 0.0, 0.0, 0.0, 0.0, 0.0, 0.0, 0.0, 0.0, 0.0, 0.0, 0.0, 0.0, 0.0, 0.0, 0.0, 0.0, 0.0, 0.0, 0.0, 0.0, 0.0, 0.0, 0.0, 0.0, 0.0, 0.0, 0.0, 0.0, 0.0, 0.0, 0.0, 0.0, 0.0, 0.0, 0.0, 0.0017491, 0.009802, 0.0, 0.0, 0.0069422, 0.027969, 0.0, 0.0, 0.0, 0.0, 0.0, 0.0, 0.0, 0.0, 0.0, 0.0, 0.0, 0.0, 0.0, 0.0, 0.0, 0.0, 0.0, 0.0, 0.0, 0.0, 0.0, 0.0, 0.0, 0.0, 0.0, 0.0, 0.0, 0.0, 0.0020188, 0.0, 0.0, 0.0, 0.0, 0.0, 0.0, 0.0, 0.0, 0.0, 0.0, 0.0, 0.0, 0.0, 0.0, 0.0, 0.0, 0.0, 0.0, 0.0, 0.0, 0.0, 0.0, 0.0, 0.0, 0.0, 0.0, 0.0, 0.0, 0.0], [0.16777999999999998, 0.3498, 0.008870900000000001, 0.07901, 0.0015803, 0.0021923000000000003, 0.0088691, 0.0098104, 0.019902, 0.0, 0.15095, 0.0, 0.021696, 0.0, 0.0027800999999999998, 0.30506, 0.24909, 0.013915, 0.084954, 0.0024491, 0.07269199999999999, 0.0, 0.1158, 0.0, 0.0045788, 0.0, 0.0, 0.033302, 0.0099089, 0.12405999999999999, 0.6975600000000001, 0.0, 0.0, 0.0, 0.0, 0.0012488, 0.0014784000000000002, 0.0033395000000000005, 0.07244600000000001, 0.01678, 0.0077002, 0.0038841, 0.011987000000000001, 0.0, 0.020881999999999998, 0.005703199999999999, 0.25904, 0.34947, 0.07908899999999999, 0.0040031, 0.039822, 0.02099, 0.0015414, 0.0, 0.0, 0.0, 0.010311, 0.0, 0.0, 0.11625, 0.0012538, 0.01874, 0.046515, 0.0, 0.0, 0.0, 0.14044, 0.003721, 0.024492, 0.0, 0.0, 0.0017423999999999999, 0.0017385000000000002, 0.0027083000000000003, 0.0, 0.0, 0.0, 0.0, 0.0, 0.0, 0.012041, 0.06149299999999999, 0.077555, 0.018366, 0.013217, 0.004542, 0.085366, 0.076277, 0.0, 0.0, 0.0, 0.0, 0.0, 0.0, 0.0, 0.0, 0.0, 0.0, 0.0, 0.002071, 0.0, 0.0, 0.0, 0.0, 0.0, 0.0, 0.0, 0.0, 0.0, 0.0, 0.0, 0.0, 0.0, 0.0, 0.0, 0.0, 0.0, 0.0, 0.0, 0.0, 0.0, 0.0, 0.0, 0.0, 0.0, 0.0, 0.0, 0.0, 0.0, 0.0, 0.0, 0.0, 0.0, 0.0, 0.0, 0.0, 0.0075347999999999995, 0.0058646, 0.0, 0.0, 0.020934, 0.048768, 0.0, 0.0, 0.0, 0.0, 0.0, 0.0, 0.0, 0.0, 0.0, 0.0, 0.0, 0.0, 0.0, 0.0, 0.0, 0.0, 0.0015282, 0.0, 0.0013268, 0.0, 0.0, 0.0, 0.0, 0.0, 0.0, 0.0, 0.0, 0.0, 0.0021742, 0.0, 0.0, 0.0, 0.0, 0.0, 0.0, 0.0, 0.0, 0.0, 0.0, 0.0, 0.0, 0.0, 0.0, 0.0, 0.0, 0.0015789, 0.0, 0.0, 0.0, 0.0, 0.0, 0.0, 0.0, 0.0, 0.0, 0.0, 0.0, 0.0], [0.061256, 0.28234000000000004, 0.0037569, 0.0044028, 0.15059, 0.13810999999999998, 0.6854899999999999, 0.10387, 0.076761, 0.0, 0.0053722, 0.021696, 0.0, 0.0027917, 0.066229, 0.0052661, 0.050948, 0.0, 0.13329000000000002, 0.12187, 0.0, 0.0, 0.0, 0.0, 0.0019391999999999999, 0.0, 0.0, 0.0, 0.0, 0.0, 0.0, 0.0, 0.015356999999999999, 0.0014833000000000001, 0.094658, 0.0, 0.0, 0.0, 0.11932000000000001, 0.12299000000000002, 0.0, 0.0, 0.026441000000000003, 0.0015505, 0.0027636999999999996, 0.006038399999999999, 0.006060899999999999, 0.06488300000000001, 0.0, 0.0021191999999999995, 0.055476, 0.064962, 0.065278, 0.0, 0.0, 0.0, 0.0131, 0.0, 0.0, 0.0, 0.0013275000000000001, 0.0019841, 0.083213, 0.0066265000000000004, 0.0, 0.030431, 0.0049566, 0.056468, 0.0048622, 0.0, 0.0, 0.0, 0.0, 0.022940000000000002, 0.0, 0.14833, 0.0044981000000000005, 0.0, 0.0, 0.0, 0.0, 0.0015140999999999998, 0.0, 0.0, 0.0, 0.0048089, 0.0, 0.0064608, 0.0, 0.0, 0.0, 0.0, 0.004673600000000001, 0.0027585, 0.0, 0.0, 0.0, 0.0, 0.0, 0.0, 0.0, 0.0, 0.03318, 0.19876, 0.0056301, 0.0, 0.0, 0.0, 0.0, 0.0, 0.088203, 0.20914000000000002, 0.0, 0.0, 0.49576000000000003, 0.10645999999999999, 0.0, 0.0, 0.0, 0.0, 0.10397999999999999, 0.0, 0.0, 0.0, 0.0, 0.0, 0.0, 0.19938, 0.0072152, 0.0, 0.0, 0.0, 0.0, 0.0, 0.0, 0.0, 0.0, 0.0, 0.0, 0.0, 0.0, 0.0, 0.005148300000000001, 0.0, 0.0, 0.0, 0.0, 0.0, 0.0, 0.0, 0.0, 0.0, 0.013226, 0.0, 0.0, 0.048310000000000006, 0.083006, 0.0, 0.0, 0.064333, 0.0, 0.0, 0.0013683, 0.0, 0.0, 0.038104, 0.0, 0.0, 0.0, 0.0, 0.0, 0.0, 0.0, 0.0, 0.0, 0.0, 0.0, 0.0, 0.0, 0.0, 0.0, 0.046376, 0.0, 0.0014075, 0.0, 0.0, 0.0, 0.0, 0.0, 0.0, 0.0, 0.0, 0.0, 0.0, 0.0, 0.0, 0.0, 0.0, 0.0, 0.0], [0.30429, 0.027089, 0.008560799999999999, 0.0, 0.0030502, 0.2909, 0.11615999999999999, 0.017357, 0.013719, 0.0, 0.22646999999999998, 0.0, 0.0027917, 0.0, 0.33671, 0.006399899999999999, 0.010927, 0.0, 0.0079021, 0.0, 0.009200100000000001, 0.0, 0.0, 0.024822999999999998, 0.51788, 0.029448000000000002, 0.00087283, 0.036899, 0.00425, 0.08355800000000001, 0.034658, 0.25601999999999997, 0.072323, 0.013519999999999999, 0.0047933, 0.19764, 0.10843, 0.15469000000000002, 0.25894, 0.0024912, 0.0029724, 0.0, 0.0, 0.0, 0.02519, 0.001376, 0.006905500000000001, 0.014385, 0.010685, 0.0, 0.0080904, 0.0062328, 0.0, 0.06071, 0.062165, 0.0, 0.022886, 0.0011359000000000002, 0.0019401, 0.014383000000000002, 0.01573, 0.0, 0.0, 0.0, 0.013618, 0.0, 0.0, 0.035908999999999996, 0.045794999999999995, 0.009532899999999999, 0.0, 0.0, 0.0016777, 0.0, 0.0023571, 0.0, 0.001025, 0.0, 0.0, 0.0012548, 0.0014525, 0.0027600999999999997, 0.07484400000000001, 0.0035448, 0.0051021, 0.0, 0.029008, 0.019139, 0.0010537, 0.0047771, 0.0050162, 0.0016064, 0.0, 0.0037715000000000005, 0.0, 0.0, 0.0, 0.001251, 0.0, 0.0029980000000000002, 0.0, 0.0, 0.0, 0.0, 0.0, 0.0, 0.0, 0.0, 0.0, 0.0, 0.0044664, 0.0045118, 0.061121, 0.10317, 0.0081524, 0.0, 0.0, 0.0, 0.0, 0.0, 0.0013349, 0.0, 0.031591, 0.0, 0.45106, 0.0, 0.0, 0.024481, 0.0021921999999999996, 0.0, 0.0, 0.0, 0.0, 0.0, 0.0, 0.0, 0.0, 0.0, 0.0, 0.0, 0.0, 0.0, 0.0, 0.0022281999999999996, 0.0, 0.081291, 0.44763000000000003, 0.0, 0.0, 0.0, 0.0, 0.0, 0.0, 0.0, 0.0, 0.0, 0.0, 0.0, 0.0, 0.0, 0.0, 0.05409, 0.057367999999999995, 0.0, 0.0, 0.0013357999999999998, 0.0, 0.0, 0.0, 0.0, 0.0, 0.0, 0.0, 0.0, 0.0, 0.0, 0.0, 0.0, 0.0, 0.0, 0.0, 0.0, 0.0, 0.0, 0.0, 0.0, 0.0, 0.0, 0.0, 0.0, 0.0, 0.0, 0.0, 0.0, 0.0, 0.0, 0.0, 0.0, 0.0, 0.0], [0.40032, 0.048337, 0.0, 0.0, 0.06271399999999999, 0.28664, 0.059303999999999996, 0.07153999999999999, 0.073771, 0.0, 0.27105, 0.0027800999999999998, 0.066229, 0.33671, 0.0, 0.0016870000000000001, 0.050404000000000004, 0.0, 0.022913, 0.064794, 0.0048502, 0.0053788, 0.0028739, 0.0043621, 0.15934, 0.022178, 0.0, 0.060240999999999996, 0.0056013999999999994, 0.093362, 0.019677, 0.28231999999999996, 0.1931, 0.041341, 0.092235, 0.01779, 0.021061, 0.01699, 0.025937, 0.0197, 0.004701100000000001, 0.0052695, 0.015247, 0.0, 0.05179299999999999, 0.0, 0.0029124000000000003, 0.013482, 0.0, 0.0, 0.010662999999999999, 0.029573000000000002, 0.0094104, 0.0, 0.0058823, 0.0, 0.045114, 0.0, 0.0, 0.0015164999999999998, 0.02424, 0.0, 0.0, 0.012737, 0.022975, 0.0030785, 0.0015878, 0.56667, 0.0046728, 0.0028718000000000003, 0.0, 0.0, 0.0, 0.008267299999999998, 0.0, 0.035255, 0.0010807, 0.0, 0.0, 0.0052923, 0.0, 0.0, 0.04318, 0.0018687999999999999, 0.009414200000000001, 0.012324, 0.040373, 0.048121, 0.0, 0.0, 0.0026445, 0.0016937999999999999, 0.0014972000000000002, 0.0013255, 0.0033807999999999998, 0.0, 0.0, 0.0, 0.0, 0.0010537, 0.0, 0.0, 0.0, 0.0024027, 0.0, 0.0, 0.0, 0.0, 0.0, 0.0, 0.014128, 0.022597, 0.02877, 0.08430499999999999, 0.023331, 0.0, 0.0, 0.0, 0.0, 0.0, 0.004222399999999999, 0.0, 0.016655, 0.0, 0.44819, 0.0, 0.0, 0.032763, 0.0011557, 0.0, 0.0, 0.0, 0.0, 0.0, 0.0, 0.0, 0.0, 0.0, 0.0, 0.0, 0.0, 0.0, 0.0, 0.0070482, 0.0011492000000000002, 0.034285, 0.22011999999999998, 0.0, 0.0, 0.0, 0.0, 0.0, 0.0, 0.0, 0.0, 0.0, 0.0, 0.0, 0.0, 0.0, 0.0, 0.040339, 0.042079000000000005, 0.0, 0.0, 0.0028169000000000002, 0.0, 0.0, 0.0, 0.0, 0.0, 0.0, 0.0, 0.0, 0.0, 0.0, 0.0, 0.0, 0.0, 0.0, 0.0, 0.0, 0.0, 0.0, 0.0, 0.0, 0.0, 0.0, 0.0, 0.0, 0.0, 0.0, 0.0, 0.0, 0.0, 0.0, 0.0, 0.0, 0.0, 0.0], [0.015798, 0.33281, 0.0064595, 0.0, 0.0019179000000000002, 0.0013303, 0.019989, 0.0, 0.0, 0.0033621000000000002, 0.0015394999999999999, 0.30506, 0.0052661, 0.006399899999999999, 0.0016870000000000001, 0.0, 0.042941, 0.005629, 0.12049000000000001, 0.0, 0.27623000000000003, 0.0, 0.042847, 0.0017342, 0.0022228, 0.0, 0.0, 0.013472, 0.11490999999999998, 0.015684, 0.090523, 0.0, 0.0, 0.0, 0.0, 0.019702, 0.0017942, 0.0, 0.030935, 0.34618000000000004, 0.31212, 0.006285, 0.012123, 0.0, 0.0, 0.25609, 0.12332, 0.01206, 0.023036, 0.0, 0.0, 0.0, 0.0018706, 0.0, 0.0, 0.0, 0.0, 0.002857, 0.0024399, 0.010853, 0.053257000000000006, 0.0, 0.0, 0.0, 0.0, 0.0018358, 0.1837, 0.0, 0.0, 0.0034251999999999993, 0.0022890999999999996, 0.0, 0.0, 0.0, 0.0, 0.0, 0.0, 0.0, 0.08326, 0.039451, 0.0036534, 0.0, 0.017759, 0.0, 0.0032080999999999998, 0.0, 0.030643, 0.0, 0.0026501, 0.0, 0.0, 0.0, 0.032142000000000004, 0.060077, 0.0, 0.0, 0.019162000000000002, 0.06922, 0.0024327, 0.051525, 0.0, 0.0, 0.0, 0.0, 0.0, 0.0, 0.0072239999999999995, 0.004693600000000001, 0.0, 0.0, 0.0, 0.0, 0.0, 0.0, 0.0, 0.0, 0.0063366, 0.043259, 0.0, 0.0, 0.0, 0.0, 0.0, 0.0, 0.0, 0.0, 0.0011070000000000001, 0.0, 0.0, 0.0029805, 0.011614, 0.0019448, 0.005019, 0.0, 0.0, 0.017897999999999997, 0.0, 0.0014234999999999999, 0.0, 0.0, 0.039923, 0.0, 0.0, 0.0, 0.0, 0.0, 0.0, 0.0, 0.0, 0.0, 0.0013605, 0.0, 0.0, 0.0, 0.0016579000000000001, 0.0, 0.0, 0.0, 0.0, 0.0, 0.0, 0.0, 0.0, 0.0, 0.0, 0.0, 0.0, 0.0, 0.0, 0.0, 0.0, 0.0, 0.0, 0.0, 0.0, 0.0, 0.0, 0.0, 0.0, 0.0, 0.0, 0.0, 0.0, 0.0, 0.0, 0.0, 0.0, 0.0019161999999999998, 0.0, 0.0, 0.0, 0.0, 0.024804, 0.0, 0.0, 0.0, 0.0016905999999999998, 0.0, 0.0035828, 0.0042197], [0.005993899999999999, 0.14876, 0.31799, 0.0, 0.24722, 0.017034, 0.12075999999999999, 0.0033878999999999997, 0.022091999999999997, 0.0086103, 0.0026284000000000004, 0.24909, 0.050948, 0.010927, 0.050404000000000004, 0.042941, 0.0, 0.1826, 0.05196, 0.06977699999999999, 0.1358, 0.052939, 0.08632100000000001, 0.0, 0.0075899, 0.0, 0.0018739999999999998, 0.0038335, 0.0045625, 0.0080331, 0.052948, 0.0057261000000000005, 0.0075137, 0.018869, 0.21098000000000003, 0.040107, 0.0, 0.0034597, 0.12092, 0.10965, 0.0, 0.0, 0.0, 0.0, 0.0, 0.060563, 0.13047999999999998, 0.053193, 0.36544, 0.0041473, 0.03257, 0.16226, 0.02555, 0.0, 0.0, 0.00095108, 0.0, 0.0012195, 0.0041656, 0.41073000000000004, 0.066247, 0.0, 0.011632, 0.081051, 0.035088, 0.16926, 0.65638, 0.16319, 0.012687, 0.005848, 0.15045999999999998, 0.007220399999999999, 0.0036022, 0.049102, 0.005060800000000001, 0.073351, 0.0055018, 0.0, 0.027076999999999997, 0.005388399999999999, 0.0062375, 0.0029631, 0.051544000000000006, 0.038055, 0.0068466, 0.0078425, 0.011211, 0.0, 0.0, 0.0, 0.0, 0.0, 0.0030488000000000004, 0.0026991999999999997, 0.0, 0.0, 0.0, 0.0, 0.0, 0.0010728, 0.0, 0.019992, 0.0, 0.0, 0.0, 0.0, 0.021584, 0.0053423, 0.0, 0.0034847000000000003, 0.0, 0.0, 0.0, 0.0, 0.0, 0.0, 0.0, 0.26441, 0.069595, 0.0030658, 0.0, 0.014211000000000001, 0.0, 0.0, 0.0, 0.0015738, 0.0028349, 0.0, 0.0, 0.0, 0.0, 0.0, 0.0032134, 0.0, 0.0, 0.032467, 0.054643, 0.11544000000000001, 0.0, 0.0, 0.6088100000000001, 0.54537, 0.0, 0.0, 0.0, 0.0, 0.0, 0.0, 0.0, 0.0, 0.0, 0.017634, 0.0, 0.0, 0.015568, 0.0, 0.0, 0.0, 0.19315, 0.0015354000000000001, 0.093473, 0.0, 0.0, 0.0, 0.0, 0.0, 0.0, 0.0, 0.0, 0.0, 0.078836, 0.0, 0.0022681999999999997, 0.0, 0.087738, 0.0, 0.0, 0.0047948, 0.0057202, 0.0, 0.0, 0.0, 0.0, 0.0, 0.012908000000000001, 0.0, 0.0, 0.031079000000000002, 0.0, 0.0, 0.0, 0.0, 0.0, 0.0, 0.0, 0.0, 0.0, 0.0, 0.0, 0.0], [0.0, 0.0036655999999999998, 0.0, 0.0, 0.0, 0.0, 0.0, 0.0, 0.0, 0.32921, 0.0021534, 0.013915, 0.0, 0.0, 0.0, 0.005629, 0.1826, 0.0, 0.0017375999999999997, 0.0, 0.74042, 0.21238, 0.35720999999999997, 0.16496, 0.004663800000000001, 0.074004, 0.0, 0.0, 0.011214, 0.0, 0.021103999999999998, 0.078815, 0.004104, 0.0023784, 0.0, 0.02544, 0.0, 0.0056691, 0.0, 0.0, 0.2353, 0.021979, 0.0, 0.0, 0.0, 0.0, 0.0, 0.0, 0.018797, 0.0, 0.0, 0.074008, 0.0, 0.007119800000000001, 0.033648000000000004, 0.0015584000000000001, 0.0, 0.0, 0.0, 0.09614600000000001, 0.036184, 0.0, 0.0, 0.074375, 0.03833, 0.046224, 0.13510999999999998, 0.0, 0.0, 0.088639, 0.05123200000000001, 0.0, 0.0, 0.0, 0.0041463, 0.017901, 0.21816999999999998, 0.018604, 0.02773, 0.0022074, 0.0, 0.0, 0.059619000000000005, 0.0093536, 0.0, 0.0, 0.004082199999999999, 0.0, 0.0, 0.0, 0.0, 0.0, 0.0, 0.0, 0.0, 0.0, 0.048246, 0.0, 0.0, 0.0, 0.0, 0.0, 0.0, 0.0, 0.0, 0.0, 0.0, 0.0, 0.0, 0.0, 0.0, 0.0, 0.0, 0.0, 0.0, 0.0, 0.0, 0.026625, 0.010690999999999999, 0.0, 0.0, 0.0, 0.0, 0.0, 0.0, 0.0, 0.0, 0.0, 0.0, 0.0, 0.0, 0.0, 0.0, 0.0, 0.0, 0.0, 0.0, 0.0, 0.0, 0.0, 0.038076, 0.012175, 0.0, 0.0, 0.0, 0.0, 0.0, 0.0, 0.0, 0.0, 0.0, 0.0, 0.0, 0.0, 0.0, 0.0, 0.0025594000000000003, 0.015717, 0.007782600000000001, 0.0025159, 0.0, 0.0, 0.0, 0.0, 0.0, 0.0, 0.0, 0.0, 0.0036287, 0.0, 0.0, 0.0, 0.0, 0.0, 0.0, 0.0023255, 0.0, 0.0, 0.0, 0.0, 0.0, 0.0, 0.0, 0.0, 0.0, 0.0, 0.0, 0.0026804000000000003, 0.0, 0.0, 0.0, 0.0, 0.0, 0.0, 0.0, 0.0, 0.0, 0.0, 0.0, 0.0], [0.84636, 0.12780999999999998, 0.0, 0.0, 0.014209000000000001, 0.052561000000000004, 0.086385, 0.0049001999999999995, 0.095858, 0.0, 0.33169, 0.084954, 0.13329000000000002, 0.0079021, 0.022913, 0.12049000000000001, 0.05196, 0.0017375999999999997, 0.0, 0.022019999999999998, 0.0017856999999999999, 0.0, 0.029626, 0.0, 0.0041167, 0.0, 0.00067765, 0.06283899999999999, 0.0098988, 0.14232999999999998, 0.19455999999999998, 0.0, 0.0, 0.0, 0.0, 0.00093564, 0.0, 0.002502, 0.038197, 0.10347999999999999, 0.0011539000000000002, 0.0048501, 0.05837899999999999, 0.0, 0.16427999999999998, 0.020297, 0.12653, 0.014891, 0.0047405, 0.0, 0.0, 0.0, 0.031181, 0.0, 0.0, 0.0, 0.091157, 0.0, 0.0, 0.0, 0.0, 0.0, 0.0024035, 0.0, 0.0, 0.0, 0.008184199999999999, 0.035313, 0.0022938000000000004, 0.0, 0.0, 0.01436, 0.016933, 0.014204, 0.0, 0.0, 0.0, 0.0, 0.0, 0.0, 0.0, 0.0, 0.0021927, 0.0, 0.0059417, 0.08167200000000001, 0.12522, 0.5109199999999999, 0.0, 0.0, 0.0, 0.0, 0.0011024000000000001, 0.0058562, 0.0012447, 0.0, 0.0, 0.0, 0.0015018, 0.006982600000000001, 0.0, 0.0, 0.0, 0.0, 0.0, 0.0, 0.0, 0.0, 0.0, 0.0, 0.0, 0.0, 0.0, 0.0, 0.0, 0.0, 0.0, 0.0, 0.0, 0.0, 0.0, 0.0, 0.0, 0.0, 0.0, 0.0, 0.0, 0.0, 0.0, 0.0, 0.0, 0.0, 0.0, 0.0, 0.0, 0.0, 0.0, 0.0, 0.0, 0.0, 0.0, 0.0053733999999999995, 0.0, 0.0, 0.0, 0.0, 0.0, 0.0, 0.0, 0.0, 0.0, 0.0, 0.0, 0.0, 0.0, 0.0, 0.0, 0.0, 0.0, 0.0, 0.0, 0.0, 0.0, 0.0, 0.0, 0.0, 0.0, 0.0, 0.0, 0.0, 0.0, 0.0, 0.0, 0.0, 0.0, 0.0, 0.0, 0.0, 0.0, 0.0, 0.0, 0.0, 0.0, 0.0, 0.0, 0.0, 0.0, 0.0, 0.0, 0.0, 0.0, 0.0, 0.0, 0.0, 0.0, 0.0, 0.0, 0.0, 0.0, 0.0], [0.0012965, 0.035808, 0.0, 0.0, 0.038248000000000004, 0.06091900000000001, 0.13856, 0.021985, 0.0012743000000000001, 0.0024833000000000004, 0.0011370999999999998, 0.0024491, 0.12187, 0.0, 0.064794, 0.0, 0.06977699999999999, 0.0, 0.022019999999999998, 0.0, 0.0, 0.0, 0.0050636000000000006, 0.0, 0.007387899999999999, 0.0, 0.0, 0.0, 0.0, 0.0, 0.0, 0.0019817999999999997, 0.12135, 0.016326, 0.11799000000000001, 0.0011194, 0.0, 0.0029935, 0.21045, 0.01157, 0.0, 0.0, 0.005372699999999999, 0.0, 0.0, 0.0012781, 0.0025656999999999998, 0.010393000000000001, 0.0, 0.0, 0.011271999999999999, 0.031842, 0.011053, 0.0, 0.0, 0.0, 0.0, 0.0, 0.0, 0.0, 0.010115, 0.0016797999999999997, 0.15959, 0.016831, 0.0, 0.0, 0.0, 0.22348, 0.0054887, 0.0, 0.0, 0.0, 0.0, 0.007283100000000001, 0.0, 0.03916, 0.00095207, 0.0, 0.0, 0.0, 0.0, 0.0012819, 0.0, 0.0, 0.0, 0.0, 0.0, 0.0, 0.0, 0.0, 0.0, 0.0, 0.0013189, 0.0, 0.0, 0.0, 0.0, 0.0, 0.0, 0.0, 0.0, 0.0, 0.011567000000000001, 0.091018, 0.0023833, 0.0, 0.0, 0.0, 0.0, 0.0, 0.059463999999999996, 0.094294, 0.0, 0.0, 0.22609, 0.053412, 0.0, 0.0, 0.0, 0.0, 0.048357, 0.0, 0.0, 0.0027326, 0.0046725000000000004, 0.0, 0.0, 0.1137, 0.0010181, 0.0, 0.0, 0.0, 0.0, 0.0, 0.0, 0.0, 0.0, 0.0, 0.0, 0.0, 0.0, 0.0, 0.0029058000000000005, 0.0, 0.0, 0.0, 0.0, 0.0, 0.0, 0.0, 0.0, 0.0, 0.011197, 0.0, 0.0, 0.020949000000000002, 0.044598, 0.0, 0.0, 0.030554, 0.0, 0.0, 0.0057921000000000005, 0.0, 0.0, 0.034742, 0.0, 0.0, 0.001916, 0.0, 0.0, 0.0, 0.0, 0.0, 0.0, 0.0, 0.0, 0.0, 0.0, 0.0, 0.0, 0.033655000000000004, 0.0, 0.0, 0.0, 0.0, 0.0, 0.0, 0.0, 0.0, 0.0, 0.0, 0.0, 0.0, 0.0, 0.0, 0.0, 0.0, 0.0, 0.0], [0.0, 0.01601, 0.0015475999999999999, 0.0, 0.0, 0.005737, 0.027630000000000002, 0.0, 0.0, 0.30449, 0.0022129999999999997, 0.07269199999999999, 0.0, 0.009200100000000001, 0.0048502, 0.27623000000000003, 0.1358, 0.74042, 0.0017856999999999999, 0.0, 0.0, 0.21671999999999997, 0.24761, 0.23933000000000001, 0.021568, 0.23956, 0.0039448, 0.0043036, 0.13253, 0.020291, 0.032533, 0.19382, 0.025306, 0.042774, 0.0075822, 0.07080700000000001, 0.0, 0.016022, 0.052663, 0.011259, 0.80872, 0.070021, 0.0, 0.0, 0.0, 0.0012437000000000001, 0.004993600000000001, 0.0, 0.024836, 0.0, 0.0, 0.0, 0.0, 0.009755799999999999, 0.036739999999999995, 0.0016016, 0.0, 0.010268000000000001, 0.010522, 0.058503999999999994, 0.19687000000000002, 0.0, 0.0027983, 0.0081893, 0.28559, 0.011876000000000001, 0.1756, 0.0, 0.0013353, 0.22280999999999998, 0.13162000000000001, 0.0, 0.0, 0.0, 0.0, 0.0, 0.00092649, 0.0, 0.17668, 0.041967000000000004, 0.013130000000000001, 0.0, 0.056164, 0.0016021000000000002, 0.0011529, 0.0, 0.046148, 0.0, 0.0, 0.0, 0.0, 0.0, 0.0025670000000000003, 0.015909, 0.0014491, 0.0, 0.068864, 0.011308, 0.024479, 0.07948999999999999, 0.0, 0.0, 0.0, 0.0, 0.0, 0.0, 0.0, 0.0033735999999999996, 0.0, 0.0, 0.0, 0.0, 0.0, 0.0, 0.0, 0.0, 0.0015182, 0.011193999999999999, 0.0018312, 0.0, 0.0, 0.0, 0.0, 0.0, 0.0, 0.0, 0.0, 0.0, 0.0, 0.0021423, 0.0013913, 0.0027957, 0.0, 0.0, 0.0, 0.0016079999999999998, 0.0, 0.0, 0.0, 0.0, 0.020869, 0.0025024, 0.0, 0.0, 0.0, 0.0, 0.0, 0.0, 0.0, 0.0, 0.00097791, 0.0, 0.0, 0.0, 0.0, 0.0, 0.0, 0.0, 0.002666, 0.0, 0.0, 0.0, 0.0, 0.0, 0.0, 0.0, 0.0, 0.0, 0.0, 0.0, 0.0, 0.0, 0.0, 0.0, 0.0, 0.0, 0.0, 0.0, 0.0, 0.0, 0.0, 0.0, 0.0, 0.0, 0.0, 0.0, 0.0, 0.0, 0.0, 0.0, 0.0, 0.0, 0.014008000000000001, 0.0, 0.0, 0.0, 0.0, 0.0, 0.0, 0.0015164999999999998], [0.0, 0.0, 0.0, 0.0, 0.0, 0.0070691, 0.0049026, 0.0, 0.0, 0.22154000000000001, 0.0, 0.0, 0.0, 0.0, 0.0053788, 0.0, 0.052939, 0.21238, 0.0, 0.0, 0.21671999999999997, 0.0, 0.13297, 0.13086, 0.007087, 0.09746, 0.0, 0.0, 0.0, 0.0, 0.0, 0.039922000000000006, 0.004677199999999999, 0.005421100000000001, 0.0, 0.0, 0.0, 0.0, 0.019035, 0.0, 0.0059591, 0.0016699000000000002, 0.0, 0.0, 0.0, 0.0, 0.0, 0.0, 0.0, 0.0, 0.0, 0.0041652, 0.0, 0.010819, 0.023435, 0.0, 0.0, 0.0, 0.0, 0.0, 0.0, 0.0, 0.006206499999999999, 0.084763, 0.23844, 0.05268099999999999, 0.0, 0.007999, 0.0, 0.11285, 0.2895, 0.0, 0.0, 0.0, 0.0, 0.003886, 0.075347, 0.0, 0.0, 0.0, 0.0, 0.0, 0.0, 0.0, 0.0, 0.0, 0.0, 0.0, 0.0, 0.0, 0.0, 0.0, 0.0, 0.0, 0.0, 0.0, 0.012218999999999999, 0.0, 0.0, 0.0, 0.0, 0.0, 0.0, 0.0, 0.0, 0.0, 0.0, 0.0, 0.0, 0.0, 0.0, 0.0, 0.0, 0.0, 0.0, 0.0, 0.0, 0.0, 0.0, 0.0, 0.0, 0.0, 0.0, 0.0, 0.0, 0.0, 0.0, 0.0, 0.0, 0.0, 0.0, 0.0, 0.0, 0.0, 0.0, 0.0, 0.0, 0.0, 0.0, 0.0, 0.0, 0.0, 0.0, 0.0, 0.0, 0.0, 0.0, 0.0, 0.0, 0.0, 0.0, 0.0, 0.0, 0.0, 0.0, 0.0, 0.0, 0.0, 0.0, 0.0, 0.0, 0.0, 0.0, 0.0, 0.0, 0.0, 0.0, 0.0, 0.0, 0.0, 0.0, 0.0, 0.0, 0.0, 0.0, 0.0, 0.0, 0.0, 0.0, 0.0, 0.0, 0.0, 0.0, 0.0, 0.0, 0.0, 0.0, 0.0, 0.0, 0.0, 0.0, 0.0, 0.0, 0.0, 0.0, 0.0, 0.0, 0.0, 0.0, 0.0], [0.0, 0.06919600000000001, 0.009170200000000002, 0.0, 0.0, 0.0045325, 0.024885, 0.0, 0.0, 0.06014, 0.0026226, 0.1158, 0.0, 0.0, 0.0028739, 0.042847, 0.08632100000000001, 0.35720999999999997, 0.029626, 0.0050636000000000006, 0.24761, 0.13297, 0.0, 0.014772, 0.00094666, 0.018025, 0.0, 0.001275, 0.0045525, 0.0053437, 0.015707, 0.010284, 0.0037485999999999995, 0.021724, 0.0038509, 0.0038728, 0.0, 0.0, 0.055475, 0.050703, 0.047760000000000004, 0.0, 0.0010325999999999998, 0.0, 0.0, 0.019161, 0.0073971, 0.0, 0.032702999999999996, 0.0, 0.0, 0.0, 0.0, 0.0, 0.0025612, 0.0, 0.0, 0.0, 0.0, 0.044680000000000004, 0.042772000000000004, 0.0, 0.006632300000000001, 0.097049, 0.11962, 0.015638, 0.066139, 0.008975200000000001, 0.0, 0.049599000000000004, 0.23398000000000002, 0.0, 0.0017972, 0.0, 0.0, 0.0, 0.0054898, 0.0, 0.027017000000000003, 0.014786, 0.0077798, 0.0, 0.0060507, 0.0056957, 0.0027326, 0.0015651, 0.0062145, 0.0, 0.0, 0.0, 0.0, 0.0, 0.0030421, 0.0013467000000000002, 0.0, 0.0, 0.0, 0.0, 0.0, 0.0021409000000000003, 0.0, 0.0015345, 0.0, 0.0, 0.0, 0.0, 0.011281, 0.0066633, 0.0, 0.0, 0.0, 0.0, 0.0, 0.0, 0.0, 0.0, 0.0, 0.09433, 0.0086803, 0.0015295, 0.0, 0.0060772, 0.0, 0.0, 0.0, 0.0, 0.0018858, 0.0, 0.0, 0.0012694000000000002, 0.0, 0.0016565000000000002, 0.0010688, 0.0, 0.0013534, 0.020962, 0.011684, 0.042437, 0.0020691, 0.0, 0.24268, 0.14531, 0.0, 0.0, 0.0, 0.0, 0.0, 0.0, 0.0, 0.0, 0.0011589, 0.0, 0.0, 0.0, 0.0056488, 0.0, 0.0, 0.0, 0.028435000000000002, 0.0, 0.016459, 0.0, 0.0, 0.0, 0.0, 0.0, 0.0, 0.0, 0.0, 0.0, 0.008990100000000001, 0.0, 0.0022632, 0.0, 0.0062533, 0.0, 0.0, 0.0015948, 0.004280699999999999, 0.0, 0.0, 0.0, 0.0, 0.0, 0.00644, 0.0, 0.0, 0.006528699999999999, 0.0, 0.0, 0.0, 0.0, 0.0030183000000000002, 0.0, 0.0, 0.0, 0.0, 0.0, 0.0, 0.0], [0.0, 0.0, 0.0, 0.0, 0.0, 0.0, 0.0, 0.0, 0.0, 0.24341999999999997, 0.0, 0.0, 0.0, 0.024822999999999998, 0.0043621, 0.0017342, 0.0, 0.16496, 0.0, 0.0, 0.23933000000000001, 0.13086, 0.014772, 0.0, 0.24044000000000001, 0.14744000000000002, 0.0, 0.0025804, 0.0, 0.0013517999999999998, 0.0, 0.045094999999999996, 0.0050576, 0.002931, 0.0012989000000000002, 0.06400800000000001, 0.015465000000000001, 0.0, 0.0, 0.0, 0.14498, 0.024377, 0.0, 0.0030636999999999995, 0.0, 0.0, 0.0, 0.0, 0.0, 0.0, 0.0, 0.0, 0.0, 0.3027, 0.45438999999999996, 0.0, 0.0021571, 0.0, 0.004205899999999999, 0.0, 0.0013115, 0.0, 0.0, 0.009820200000000001, 0.051664999999999996, 0.0, 0.0, 0.0, 0.0, 0.17123, 0.0039459000000000004, 0.0, 0.0036369999999999996, 0.0, 0.0, 0.0, 0.001111, 0.0, 0.0, 0.0, 0.0, 0.0, 0.0, 0.0, 0.0, 0.0, 0.0, 0.0, 0.0034262, 0.0, 0.0, 0.0, 0.0, 0.0013627000000000001, 0.0, 0.0, 0.026425, 0.0, 0.0, 0.0, 0.0, 0.0, 0.0, 0.0, 0.0, 0.0, 0.0, 0.0, 0.0, 0.0, 0.0, 0.0, 0.0, 0.0, 0.0, 0.0, 0.0, 0.0, 0.0, 0.0, 0.0, 0.0, 0.0, 0.0, 0.0, 0.0, 0.0, 0.0, 0.0, 0.0, 0.0, 0.0, 0.0, 0.0, 0.0, 0.0, 0.0, 0.0, 0.0, 0.0, 0.0, 0.0, 0.0, 0.030189999999999998, 0.0, 0.014513, 0.0065273, 0.0, 0.0, 0.0, 0.0, 0.0, 0.0, 0.0, 0.0, 0.0, 0.0, 0.0, 0.0, 0.0, 0.0, 0.0, 0.0, 0.0, 0.0, 0.0, 0.0, 0.0, 0.0, 0.0, 0.0, 0.0, 0.0, 0.0, 0.0, 0.0, 0.0, 0.0, 0.0, 0.0, 0.0, 0.0, 0.0, 0.0, 0.0, 0.0, 0.0, 0.0, 0.0, 0.0, 0.0, 0.0, 0.0, 0.0, 0.0, 0.0, 0.0, 0.0, 0.0, 0.0], [0.14059000000000002, 0.01158, 0.008325200000000001, 0.0013938, 0.008474899999999999, 0.021309, 0.016987000000000002, 0.0054802, 0.0085765, 0.016714, 0.11905, 0.0045788, 0.0019391999999999999, 0.51788, 0.15934, 0.0022228, 0.0075899, 0.004663800000000001, 0.0041167, 0.007387899999999999, 0.021568, 0.007087, 0.00094666, 0.24044000000000001, 0.0, 0.063314, 0.00060629, 0.033899, 0.011071, 0.05371, 0.032408, 0.35272, 0.16935, 0.06855800000000001, 0.046613, 0.14398, 0.43111000000000005, 0.091782, 0.014388999999999999, 0.0017305, 0.010324, 0.0017358, 0.008705200000000001, 0.0, 0.010499, 0.0, 0.0047967, 0.0011103, 0.0010603, 0.0, 0.0, 0.0021647, 0.0010333, 0.24928000000000003, 0.35486, 0.0, 0.013822999999999998, 0.0, 0.004043, 0.0, 0.0092453, 0.0012562, 0.0, 0.0, 0.017027, 0.0, 0.0041843, 0.053212, 0.0061568000000000005, 0.010406, 0.0, 0.001168, 0.0011654000000000002, 0.0018155, 0.0, 0.005049100000000001, 0.0, 0.0, 0.0, 0.0026149000000000003, 0.001009, 0.0, 0.048065, 0.0, 0.000886, 0.0, 0.027402999999999997, 0.0081811, 0.0029276, 0.0066366, 0.0043555, 0.0044635, 0.00098634, 0.0078593, 0.0, 0.0, 0.0, 0.0, 0.0, 0.0055531999999999995, 0.0, 0.0, 0.0, 0.0, 0.0, 0.0, 0.0, 0.0, 0.0, 0.0, 0.004136600000000001, 0.0007835, 0.037906999999999996, 0.046581, 0.0048538999999999995, 0.0, 0.0, 0.0, 0.0, 0.0, 0.00092724, 0.0, 0.032916, 0.0, 0.2941, 0.0, 0.0, 0.0039243, 0.0, 0.0, 0.0, 0.0, 0.0, 0.0, 0.0, 0.0, 0.0, 0.0, 0.0, 0.0, 0.0, 0.0, 0.0, 0.02399, 0.0, 0.15014, 0.63442, 0.0, 0.0, 0.0, 0.0, 0.0, 0.0, 0.0, 0.0, 0.0, 0.0, 0.0, 0.0, 0.0, 0.0, 0.009163899999999999, 0.004331399999999999, 0.0, 0.0, 0.00092789, 0.0, 0.0, 0.0, 0.0, 0.0, 0.0, 0.0, 0.0, 0.0, 0.0, 0.0, 0.0, 0.0, 0.0, 0.0, 0.0, 0.0, 0.0, 0.0, 0.0, 0.0, 0.0, 0.0, 0.0, 0.0, 0.0, 0.0, 0.0, 0.0, 0.0, 0.0, 0.0, 0.0, 0.0], [0.0, 0.0, 0.0